10 0.9431198835372925 [[76.6537094116211, 390.80792236328125, 35.47657775878906, 204.4842529296875]]
46 0.7964232563972473 [[199.53675842285156, 408.76470947265625, 54.976287841796875, 105.9619140625]]
48 0.7765870094299316 [[154.3211669921875, 422.9088134765625, 27.514251708984375, 104.994384765625]]
34 0.7352474331855774 [[250.58935546875, 414.5699768066406, 34.20855712890625, 116.03802490234375]]
2 0.7005881667137146 [[447.2818298339844, 428.68798828125, 35.03668212890625, 173.206787109375]]
46 0.6677029132843018 [[523.1956787109375, 424.91204833984375, 35.6298828125, 103.705078125]]
38 0.3544636070728302 [[250.55921936035156, 413.79766845703125, 33.493377685546875, 115.3563232421875]]
38 0.3435153663158417 [[447.973388671875, 432.14434814453125, 32.906982421875, 176.47705078125]]
14 0.3217203915119171 [[121.96296691894531, 414.7341003417969, 37.9879150390625, 214.13067626953125]]
0 0.2658814787864685 [[485.28228759765625, 444.15130615234375, 29.74267578125, 106.91796875]]
