5 0.8318598866462708 [[589.01513671875, 231.95166015625, 48.552734375, 300.0152587890625]]
45 0.8001880049705505 [[137.3621063232422, 198.17355346679688, 14.090576171875, 337.98577880859375]]
14 0.7521708607673645 [[89.10651397705078, 233.9804229736328, 62.01875305175781, 341.1059875488281]]
48 0.7104926705360413 [[502.330810546875, 254.98818969726562, 30.518798828125, 213.06396484375]]
45 0.40070298314094543 [[541.2537841796875, 187.72479248046875, 23.387451171875, 375.4495849609375]]
57 0.3779440224170685 [[232.10472106933594, 293.0854797363281, 42.30059814453125, 290.91943359375]]
42 0.2908141016960144 [[118.15504455566406, 311.055419921875, 11.712921142578125, 198.92579650878906]]
1 0.28496283292770386 [[469.3350830078125, 241.3638916015625, 10.9215087890625, 236.8482666015625]]
23 0.2705657184123993 [[274.121337890625, 285.59124755859375, 30.0330810546875, 272.1312255859375]]
21 0.2674259543418884 [[330.74053955078125, 289.33721923828125, 57.4398193359375, 195.30567932128906]]
