57 0.9677481055259705 [[314.50787353515625, 406.5881652832031, 86.8773193359375, 153.58148193359375]]
40 0.8916391730308533 [[584.1287841796875, 475.3836364746094, 106.54931640625, 329.23272705078125]]
0 0.8552550077438354 [[473.14471435546875, 377.168212890625, 50.177734375, 178.0389404296875]]
27 0.8170617818832397 [[60.115989685058594, 394.03717041015625, 76.96788024902344, 261.825927734375]]
0 0.6562303900718689 [[507.6242980957031, 366.19097900390625, 45.84100341796875, 145.2176513671875]]
34 0.5823616981506348 [[112.70046997070312, 431.4522705078125, 47.43109130859375, 157.2086181640625]]
34 0.5462998747825623 [[137.92877197265625, 452.8206787109375, 57.73786163330078, 176.489990234375]]
38 0.4699329733848572 [[242.8218231201172, 375.1698913574219, 50.432952880859375, 231.21875]]
47 0.34497004747390747 [[555.0592041015625, 363.0618896484375, 64.8751220703125, 132.9315185546875]]
38 0.31445664167404175 [[250.81512451171875, 370.445556640625, 45.238525390625, 223.121337890625]]
27 0.2619381844997406 [[429.8157958984375, 377.4788513183594, 74.92236328125, 191.2694091796875]]
