38 0.9331033229827881 [[162.08583068847656, 410.94073486328125, 53.266632080078125, 109.60577392578125]]
34 0.9201448559761047 [[346.5394287109375, 396.25665283203125, 42.96533203125, 128.85479736328125]]
34 0.9058010578155518 [[227.2420196533203, 409.72991943359375, 56.522979736328125, 105.214599609375]]
38 0.8061251640319824 [[172.33468627929688, 416.14007568359375, 75.49212646484375, 120.64990234375]]
5 0.5115396976470947 [[97.65847778320312, 371.72015380859375, 48.900390625, 176.8541259765625]]
45 0.44973787665367126 [[396.7100830078125, 345.95538330078125, 13.1029052734375, 242.70501708984375]]
12 0.37579435110092163 [[299.9378356933594, 390.5150146484375, 48.02410888671875, 142.486083984375]]
48 0.3730109930038452 [[346.5753173828125, 395.7237548828125, 42.906494140625, 127.6068115234375]]
11 0.3220875859260559 [[526.5074462890625, 357.0814208984375, 45.4482421875, 235.9893798828125]]
27 0.31549492478370667 [[97.40182495117188, 371.46856689453125, 49.503662109375, 176.1766357421875]]
13 0.2948412001132965 [[527.7448120117188, 356.129638671875, 51.8154296875, 255.4755859375]]
