38 0.7581952810287476 [[547.4013671875, 418.47845458984375, 29.97119140625, 174.4368896484375]]
36 0.7415688633918762 [[397.9498291015625, 383.94891357421875, 48.10784912109375, 305.0645751953125]]
38 0.693031370639801 [[210.26174926757812, 412.61029052734375, 46.38946533203125, 187.591552734375]]
22 0.6626303195953369 [[158.53543090820312, 320.0899963378906, 69.60010528564453, 314.79437255859375]]
12 0.6308525204658508 [[397.94281005859375, 382.77386474609375, 48.228759765625, 309.4822998046875]]
48 0.5791789889335632 [[351.7186279296875, 413.47076416015625, 27.0950927734375, 156.927490234375]]
54 0.560020387172699 [[260.34344482421875, 383.62579345703125, 33.46533203125, 159.6982421875]]
21 0.5145677924156189 [[159.096923828125, 320.04388427734375, 69.982177734375, 315.27587890625]]
51 0.4927876591682434 [[310.3563232421875, 396.2257080078125, 42.31103515625, 185.47314453125]]
42 0.381059467792511 [[270.5283203125, 397.1689453125, 11.0631103515625, 137.497314453125]]
47 0.27622485160827637 [[259.07513427734375, 394.48663330078125, 37.255615234375, 185.0740966796875]]
