34 0.8397110104560852 [[112.36410522460938, 347.51666259765625, 48.890869140625, 191.60740661621094]]
45 0.7367862462997437 [[372.82781982421875, 323.20806884765625, 15.67822265625, 298.638671875]]
48 0.7201533317565918 [[397.20916748046875, 381.82647705078125, 25.9644775390625, 156.0556640625]]
34 0.683432400226593 [[343.81329345703125, 394.9592590332031, 41.0013427734375, 106.10467529296875]]
0 0.4911496341228485 [[585.544921875, 462.5977783203125, 30.727783203125, 197.74853515625]]
35 0.4651053845882416 [[154.66505432128906, 338.2695007324219, 31.979583740234375, 312.38116455078125]]
51 0.44764822721481323 [[480.4424133300781, 371.8013916015625, 89.97698974609375, 243.88233947753906]]
54 0.4202669560909271 [[303.5094909667969, 399.4170837402344, 40.1502685546875, 155.63909912109375]]
34 0.41098925471305847 [[342.8752746582031, 402.46783447265625, 46.6107177734375, 161.88775634765625]]
28 0.39084160327911377 [[69.18132019042969, 299.1318054199219, 122.43048095703125, 374.7462158203125]]
51 0.3816284239292145 [[430.8936462402344, 380.8019104003906, 48.20751953125, 186.61334228515625]]
48 0.3680548071861267 [[552.8290405273438, 460.72723388671875, 20.6827392578125, 167.0540771484375]]
48 0.3644551932811737 [[271.98724365234375, 395.73699951171875, 18.76092529296875, 142.7213134765625]]
0 0.33778247237205505 [[558.344970703125, 456.9110107421875, 30.423828125, 176.732421875]]
51 0.3322080075740814 [[419.33319091796875, 380.45355224609375, 25.64703369140625, 159.6094970703125]]
47 0.3009718656539917 [[430.90765380859375, 380.52862548828125, 48.50634765625, 180.5048828125]]
54 0.27083820104599 [[111.95845794677734, 347.7856750488281, 48.11878967285156, 192.33929443359375]]
