51 0.7562288641929626 [[289.61083984375, 428.6243896484375, 37.922119140625, 247.402099609375]]
51 0.7184738516807556 [[298.80377197265625, 428.23931884765625, 54.8193359375, 226.6922607421875]]
21 0.7166755795478821 [[111.9493408203125, 333.3712463378906, 68.43746948242188, 347.0567626953125]]
51 0.5694789290428162 [[314.62158203125, 428.947265625, 30.12646484375, 226.532958984375]]
38 0.5510183572769165 [[178.28866577148438, 416.26654052734375, 51.52288818359375, 230.236083984375]]
49 0.5329533815383911 [[587.47900390625, 350.7647705078125, 32.801513671875, 283.7164306640625]]
26 0.48983234167099 [[481.3341979980469, 348.8442077636719, 56.20501708984375, 344.54107666015625]]
35 0.4857971966266632 [[373.79998779296875, 367.28076171875, 61.8829345703125, 351.110595703125]]
24 0.46279677748680115 [[588.0971069335938, 349.03863525390625, 35.5264892578125, 288.6195068359375]]
34 0.4568018615245819 [[127.61416625976562, 349.77252197265625, 40.2781982421875, 322.10882568359375]]
49 0.40724003314971924 [[247.19140625, 442.76605224609375, 44.09820556640625, 394.4110107421875]]
10 0.38458502292633057 [[96.18586730957031, 335.193603515625, 34.234161376953125, 345.66650390625]]
45 0.3814007639884949 [[197.2686004638672, 381.3962707519531, 24.90875244140625, 353.06268310546875]]
45 0.37842532992362976 [[188.45323181152344, 366.4013671875, 51.39935302734375, 345.4736328125]]
45 0.36900025606155396 [[192.8291778564453, 377.1408386230469, 36.70062255859375, 347.93121337890625]]
38 0.3164021670818329 [[167.38040161132812, 398.89080810546875, 30.18975830078125, 192.1484375]]
45 0.2985529899597168 [[374.3601379394531, 373.89599609375, 63.9974365234375, 362.403076171875]]
