40 0.8560786247253418 [[446.19000244140625, 332.2816162109375, 35.106475830078125, 185.93443298339844]]
39 0.850618839263916 [[162.40158081054688, 285.578369140625, 61.46455383300781, 429.6488952636719]]
11 0.8492323756217957 [[41.684593200683594, 239.91505432128906, 47.57658386230469, 241.27188110351562]]
34 0.6191198229789734 [[190.01551818847656, 322.52288818359375, 25.314422607421875, 115.62655639648438]]
34 0.5784217119216919 [[110.83390808105469, 292.7452087402344, 30.955787658691406, 199.86537170410156]]
46 0.5062578320503235 [[419.3516845703125, 296.04290771484375, 25.221649169921875, 130.53636169433594]]
5 0.4310322403907776 [[334.06805419921875, 301.7365417480469, 61.610382080078125, 183.4420623779297]]
45 0.40668028593063354 [[225.87271118164062, 268.90960693359375, 33.52687072753906, 331.38763427734375]]
45 0.3458092510700226 [[221.84658813476562, 285.10394287109375, 42.14268493652344, 382.6506042480469]]
42 0.3119961619377136 [[84.96150207519531, 204.10317993164062, 14.100593566894531, 50.55012512207031]]
46 0.2550099790096283 [[378.0726013183594, 300.27276611328125, 28.81488037109375, 120.00794982910156]]
