21 0.9271655082702637 [[103.04150390625, 303.9355773925781, 64.07977294921875, 297.48785400390625]]
40 0.8947209119796753 [[568.9600219726562, 396.9139099121094, 105.2520751953125, 471.45220947265625]]
48 0.8617051243782043 [[159.364990234375, 351.86810302734375, 27.266326904296875, 176.58056640625]]
54 0.8249903321266174 [[278.28240966796875, 334.3606262207031, 48.27520751953125, 165.72918701171875]]
51 0.7281262278556824 [[198.83798217773438, 350.14166259765625, 38.0009765625, 195.77491760253906]]
53 0.682111918926239 [[250.30850219726562, 265.7230529785156, 48.32244873046875, 375.56011962890625]]
34 0.6707728505134583 [[273.69012451171875, 334.49932861328125, 39.87486267089844, 167.40003967285156]]
54 0.6079274415969849 [[292.4365234375, 324.0087890625, 31.1280517578125, 157.11277770996094]]
42 0.6053047180175781 [[315.21148681640625, 176.21835327148438, 7.63623046875, 65.7244873046875]]
42 0.570136308670044 [[213.3763427734375, 351.92498779296875, 9.700347900390625, 204.02093505859375]]
46 0.5213729739189148 [[498.7279052734375, 271.51873779296875, 61.863525390625, 197.414306640625]]
36 0.45159536600112915 [[348.3055419921875, 349.6082763671875, 38.3289794921875, 206.98193359375]]
0 0.42659661173820496 [[440.8875427246094, 319.2397766113281, 29.2427978515625, 199.4488525390625]]
51 0.4261687099933624 [[207.08924865722656, 348.92694091796875, 22.701629638671875, 191.69813537597656]]
48 0.4094044864177704 [[441.4012145996094, 317.66552734375, 29.27154541015625, 203.40155029296875]]
1 0.37209826707839966 [[407.02825927734375, 310.5874328613281, 24.0528564453125, 254.1246337890625]]
1 0.31672942638397217 [[410.552001953125, 307.3843688964844, 16.5557861328125, 258.89215087890625]]
