40 0.8020309209823608 [[583.8914794921875, 363.9340515136719, 110.823974609375, 549.5576782226562]]
0 0.7531659603118896 [[495.48760986328125, 215.68934631347656, 21.613525390625, 144.28305053710938]]
2 0.6575871706008911 [[483.0356140136719, 241.7706298828125, 90.68658447265625, 260.94073486328125]]
46 0.5701169371604919 [[529.7738037109375, 213.934814453125, 42.5589599609375, 141.147216796875]]
40 0.5162951946258545 [[570.0758666992188, 391.4168701171875, 77.7662353515625, 491.199462890625]]
21 0.49331536889076233 [[311.80670166015625, 249.51718139648438, 36.5494384765625, 220.62542724609375]]
14 0.4889090657234192 [[75.85203552246094, 227.09930419921875, 72.355712890625, 273.47900390625]]
54 0.452962189912796 [[351.33349609375, 287.84771728515625, 33.3739013671875, 132.945556640625]]
46 0.43188998103141785 [[538.7481689453125, 214.3623046875, 59.203857421875, 142.11572265625]]
20 0.41966357827186584 [[266.79736328125, 247.1971435546875, 55.38954162597656, 282.54119873046875]]
10 0.41820064187049866 [[125.21540832519531, 300.67449951171875, 44.34661865234375, 246.47654724121094]]
46 0.37783321738243103 [[217.3704071044922, 266.463623046875, 43.58392333984375, 174.24058532714844]]
38 0.35694581270217896 [[189.07058715820312, 271.8613586425781, 22.52667236328125, 139.178955078125]]
52 0.3085663318634033 [[404.00775146484375, 283.6816101074219, 24.10693359375, 229.52984619140625]]
40 0.2680343985557556 [[379.0310974121094, 335.197265625, 25.68536376953125, 309.5487060546875]]
34 0.26145139336586 [[351.6430358886719, 289.96466064453125, 33.7813720703125, 124.95994567871094]]
34 0.2581571638584137 [[189.279296875, 270.1251220703125, 22.5068359375, 138.92071533203125]]
