34 0.9791429042816162 [[539.87646484375, 386.6092529296875, 45.4886474609375, 165.0181884765625]]
58 0.8578708171844482 [[392.9252014160156, 409.560546875, 44.95184326171875, 282.6463623046875]]
36 0.7162068486213684 [[456.6038818359375, 407.52178955078125, 49.0987548828125, 232.2794189453125]]
21 0.6904039978981018 [[201.18878173828125, 407.15582275390625, 46.0703125, 206.8370361328125]]
23 0.5827720165252686 [[276.964111328125, 392.7615661621094, 40.5364990234375, 176.493408203125]]
45 0.5383539199829102 [[510.46856689453125, 316.4349365234375, 41.5531005859375, 318.3232421875]]
23 0.5064885020256042 [[70.84074401855469, 384.2412109375, 50.54747009277344, 216.1832275390625]]
55 0.35990139842033386 [[592.0991821289062, 306.82550048828125, 51.410888671875, 204.18125915527344]]
34 0.3073905408382416 [[199.92689514160156, 407.52288818359375, 44.725006103515625, 207.4556884765625]]
14 0.298872172832489 [[148.62216186523438, 370.3289489746094, 55.43665313720703, 224.642578125]]
