38 0.8396961092948914 [[319.850830078125, 308.18450927734375, 35.9356689453125, 93.724609375]]
37 0.6800206899642944 [[187.68887329101562, 267.7396240234375, 54.3551025390625, 214.9700927734375]]
5 0.6104796528816223 [[210.1473388671875, 500.370361328125, 35.80059814453125, 190.9864501953125]]
2 0.5728104114532471 [[448.2841796875, 287.981201171875, 38.5281982421875, 179.10752868652344]]
5 0.5665204524993896 [[492.9991760253906, 288.45721435546875, 48.61358642578125, 153.27638244628906]]
34 0.5311746597290039 [[274.9175720214844, 310.7532958984375, 48.336181640625, 91.9425048828125]]
2 0.4786316752433777 [[492.76171875, 289.37408447265625, 48.4725341796875, 154.8497314453125]]
59 0.3604978024959564 [[350.41766357421875, 265.7877197265625, 36.34674072265625, 186.912353515625]]
35 0.3481205403804779 [[188.80886840820312, 266.27984619140625, 55.361602783203125, 203.54795837402344]]
47 0.33408206701278687 [[130.4875946044922, 331.71917724609375, 66.31967163085938, 106.95867919921875]]
40 0.3254474401473999 [[542.982666015625, 323.4731750488281, 46.2200927734375, 161.3077392578125]]
52 0.3125534653663635 [[209.63119506835938, 501.1151428222656, 35.803375244140625, 190.43817138671875]]
34 0.30171945691108704 [[130.61154174804688, 331.4822998046875, 66.76129150390625, 106.6387939453125]]
