55 0.9878548979759216 [[326.70269775390625, 340.244384765625, 55.6695556640625, 115.5048828125]]
36 0.9631921648979187 [[127.99726104736328, 364.8994140625, 41.23027038574219, 98.4334716796875]]
38 0.9573882222175598 [[82.33136749267578, 368.1321716308594, 45.43070983886719, 107.6688232421875]]
27 0.9565946459770203 [[34.84413146972656, 359.90478515625, 68.89109802246094, 151.8331298828125]]
5 0.9515281319618225 [[481.54296875, 347.3276062011719, 56.9423828125, 210.39984130859375]]
45 0.9424222707748413 [[246.6102294921875, 327.12640380859375, 37.23394775390625, 184.41302490234375]]
34 0.9259954690933228 [[274.8521728515625, 344.01751708984375, 39.17059326171875, 74.291259765625]]
2 0.9256212115287781 [[441.6302490234375, 331.4183044433594, 61.8155517578125, 127.84051513671875]]
48 0.9111511707305908 [[157.88031005859375, 364.79461669921875, 29.6595458984375, 65.22222900390625]]
36 0.9016080498695374 [[209.18540954589844, 348.7212219238281, 48.7806396484375, 66.58087158203125]]
0 0.8499643206596375 [[539.073974609375, 319.9566955566406, 58.620849609375, 186.18170166015625]]
