2 0.8849130272865295 [[446.24456787109375, 302.411865234375, 42.4034423828125, 261.189697265625]]
51 0.8584938645362854 [[197.83517456054688, 333.6606140136719, 42.85107421875, 188.00531005859375]]
40 0.8207033276557922 [[547.3203735351562, 443.6473693847656, 97.817626953125, 392.70526123046875]]
47 0.7266409993171692 [[323.75531005859375, 351.20703125, 54.951904296875, 186.0684814453125]]
53 0.6491780877113342 [[245.43612670898438, 289.6637878417969, 40.4873046875, 295.07476806640625]]
48 0.5686834454536438 [[152.37599182128906, 295.3847961425781, 24.07647705078125, 131.489013671875]]
46 0.5682359337806702 [[539.9075927734375, 329.9429016113281, 59.290496826171875, 186.7127685546875]]
38 0.5566574931144714 [[272.84393310546875, 351.02386474609375, 34.55149841308594, 171.2060546875]]
34 0.4941771626472473 [[272.77520751953125, 352.2918701171875, 34.29673767089844, 175.312255859375]]
27 0.41687870025634766 [[117.97490692138672, 278.94976806640625, 50.75477600097656, 248.155029296875]]
38 0.37254032492637634 [[150.0894775390625, 306.2691955566406, 30.16827392578125, 187.76397705078125]]
12 0.36317992210388184 [[117.92506408691406, 277.29351806640625, 50.693572998046875, 245.09584045410156]]
