11 0.9129207730293274 [[57.375518798828125, 297.9600830078125, 48.570037841796875, 242.6889190673828]]
5 0.8456060290336609 [[348.6455078125, 366.2064208984375, 62.647308349609375, 175.3037109375]]
48 0.7032856345176697 [[124.76054382324219, 353.8684387207031, 30.20172882080078, 189.84228515625]]
42 0.5390040874481201 [[98.82049560546875, 260.92144775390625, 12.814918518066406, 47.241119384765625]]
46 0.4350295960903168 [[416.50543212890625, 353.77313232421875, 41.93505859375, 126.8233642578125]]
53 0.38386598229408264 [[171.3419189453125, 346.43359375, 51.3470458984375, 431.9419860839844]]
59 0.3689908981323242 [[461.2379150390625, 389.20611572265625, 32.720306396484375, 183.473388671875]]
39 0.28801319003105164 [[169.60487365722656, 348.406982421875, 52.908935546875, 435.2657470703125]]
45 0.2783578336238861 [[287.22149658203125, 310.83843994140625, 58.725372314453125, 452.5971984863281]]
40 0.2749497592449188 [[461.18182373046875, 388.2483215332031, 33.302032470703125, 183.85443115234375]]
